let wutheringHeightsPD = [
{'Excited': 0.2565251775, 'Sad': 0.1045852092, 'Bored': 0.0, 'Happy': 0.4353350772, 'Angry': 0.0775786449, 'Fear': 0.1259758914},
{'Angry': 0.1668055769, 'Bored': 0.0389676677, 'Sad': 0.298998678, 'Fear': 0.2752429181, 'Excited': 0.1262722505, 'Happy': 0.0937129088},
{'Fear': 0.1798386724, 'Sad': 0.1074803413, 'Angry': 0.1184786971, 'Happy': 0.3061909641, 'Bored': 0.0899303612, 'Excited': 0.1980809638},
{'Sad': 0.0734933262, 'Angry': 0.2426656885, 'Happy': 0.2102456352, 'Excited': 0.363146016, 'Fear': 0.1104493341, 'Bored': 0.0},
{'Bored': 0.0643307803, 'Happy': 0.0671469899, 'Angry': 0.2340195471, 'Fear': 0.1504335435, 'Sad': 0.3792111148, 'Excited': 0.1048580243},
{'Excited': 0.1654588967, 'Sad': 0.2624854667, 'Happy': 0.1291821749, 'Fear': 0.2465954814, 'Angry': 0.1533081037, 'Bored': 0.0429698766},
{'Excited': 0.2811920571, 'Sad': 0.1016315857, 'Bored': 0.0271984568, 'Happy': 0.370849994, 'Angry': 0.0616165493, 'Fear': 0.1575113571},
{'Fear': 0.1747278961, 'Sad': 0.2297689419, 'Angry': 0.0868266231, 'Happy': 0.2332366815, 'Bored': 0.0323606886, 'Excited': 0.2430791689},
{'Excited': 0.1829093109, 'Happy': 0.3041071944, 'Sad': 0.108581178, 'Fear': 0.2120180603, 'Bored': 0.0649397952, 'Angry': 0.1274444612},
{'Angry': 0.1808070396, 'Bored': 0.0460410795, 'Sad': 0.1993737255, 'Fear': 0.2604573901, 'Excited': 0.1128903466, 'Happy': 0.2004304188},
{'Fear': 0.3034030909, 'Sad': 0.2410046405, 'Angry': 0.0793918079, 'Happy': 0.1285385602, 'Bored': 0.1430364375, 'Excited': 0.1046254631},
{'Sad': 0.4467052649, 'Angry': 0.2673277353, 'Happy': 0.0559839116, 'Excited': 0.0434673433, 'Bored': 0.0464801153, 'Fear': 0.1400356296},
{'Sad': 0.2673145234, 'Excited': 0.026385047, 'Bored': 0.0396816003, 'Angry': 0.5097188872, 'Fear': 0.1403457578, 'Happy': 0.0165541844},
{'Angry': 0.1206740891, 'Bored': 0.0669194252, 'Happy': 0.1781424686, 'Fear': 0.2135571387, 'Sad': 0.215286637, 'Excited': 0.2054202413},
{'Excited': 0.2134539273, 'Sad': 0.170115041, 'Bored': 0.0722415318, 'Happy': 0.2228025229, 'Angry': 0.1215038381, 'Fear': 0.1998831388},
{'Fear': 0.2695948628, 'Sad': 0.2633163795, 'Angry': 0.1109940335, 'Happy': 0.1506698085, 'Bored': 0.0731906785, 'Excited': 0.1322342372},
{'Sad': 0.3620250164, 'Fear': 0.2204300179, 'Happy': 0.0654895353, 'Bored': 0.0311610722, 'Angry': 0.2496411867, 'Excited': 0.0712531715},
{'Bored': 0.0, 'Happy': 0.5453696965, 'Angry': 0.0200310661, 'Fear': 0.0784303781, 'Sad': 0.1414926359, 'Excited': 0.2146762233},
{'Fear': 0.0768634811, 'Angry': 0.0298987013, 'Bored': 0.0070824416, 'Excited': 0.0310757236, 'Happy': 0.0722715086, 'Sad': 0.7828081437},
{'Excited': 0.2467846266, 'Happy': 0.1790799212, 'Sad': 0.1409546933, 'Fear': 0.1583931969, 'Bored': 0.0476203161, 'Angry': 0.2271672459},
{'Excited': 0.0983773141, 'Sad': 0.5687685103, 'Bored': 0.0, 'Happy': 0.2310657664, 'Angry': 0.0152114398, 'Fear': 0.0865769694},
{'Angry': 0.10323148, 'Bored': 0.1506744036, 'Sad': 0.1900852965, 'Fear': 0.1730043005, 'Excited': 0.2053300711, 'Happy': 0.1776744483},
{'Fear': 0.1983242484, 'Sad': 0.2415849461, 'Angry': 0.2104119207, 'Happy': 0.1058016885, 'Bored': 0.1667978699, 'Excited': 0.0770793263},
{'Sad': 0.1337381231, 'Angry': 0.1129659154, 'Happy': 0.1345526644, 'Excited': 0.2719278507, 'Bored': 0.0942983009, 'Fear': 0.2525171455},
{'Sad': 0.3357322673, 'Excited': 0.0875557695, 'Bored': 0.0374239128, 'Angry': 0.1712903426, 'Fear': 0.2612212154, 'Happy': 0.1067764924},
{'Angry': 0.0796166329, 'Bored': 0.0364204831, 'Happy': 0.2502497617, 'Fear': 0.1425007006, 'Sad': 0.099570542, 'Excited': 0.3916418797},
{'Sad': 0.1628874774, 'Fear': 0.1679299883, 'Happy': 0.0896852503, 'Bored': 0.0606951316, 'Angry': 0.3524347394, 'Excited': 0.166367413},
{'Angry': 0.120337306, 'Bored': 0.0684353295, 'Sad': 0.090809211, 'Fear': 0.1708125072, 'Excited': 0.200538382, 'Happy': 0.3490672643},
{'Fear': 0.1480549575, 'Sad': 0.5198876313, 'Angry': 0.0964940327, 'Happy': 0.1477253747, 'Bored': 0.0, 'Excited': 0.0878380039},
{'Sad': 0.4237667733, 'Angry': 0.1502018181, 'Happy': 0.1151613135, 'Excited': 0.0670363815, 'Fear': 0.2063389282, 'Bored': 0.0374947854},
{'Sad': 0.1483830415, 'Fear': 0.2461320368, 'Happy': 0.366511985, 'Bored': 0.0, 'Angry': 0.0428118255, 'Excited': 0.1961611112},
{'Excited': 0.2969767896, 'Sad': 0.140620444, 'Bored': 0.0, 'Happy': 0.369497308, 'Angry': 0.0418112687, 'Fear': 0.1510941896},
{'Angry': 0.1483631943, 'Bored': 0.0787401507, 'Sad': 0.1862134183, 'Fear': 0.1762216532, 'Excited': 0.1922654425, 'Happy': 0.218196141},
{'Fear': 0.1835644059, 'Angry': 0.3186821216, 'Bored': 0.0645738117, 'Excited': 0.0855191631, 'Happy': 0.0761718819, 'Sad': 0.2714886158}
]
