[
    {"chapter": 1, "Excited": 0.3161216927, "Happy": 0.225377888, "Sad": 0.1169845136, "Fear": 0.1675988449, "Bored": 0.0460782274, "Angry": 0.1278388334},
    {"chapter": 2, "Fear": 0.1085980804, "Angry": 0.0540087487, "Bored": 0.0316822191, "Excited": 0.1171173939, "Happy": 0.2766078744, "Sad": 0.4119856836},
    {"chapter": 3, "Sad": 0.1937135034, "Angry": 0.1405470786, "Happy": 0.1787839281, "Excited": 0.1655104377, "Bored": 0.1230343374, "Fear": 0.1984107148},
    {"chapter": 4, "Sad": 0.2953840967, "Fear": 0.1481054724, "Happy": 0.195695321, "Bored": 0.0679430793, "Angry": 0.1139158897, "Excited": 0.1789561409},
    {"chapter": 5, "Fear": 0.1557305647, "Angry": 0.1384639201, "Bored": 0.0268526831, "Excited": 0.2486605513, "Happy": 0.2711759031, "Sad": 0.1591163776},
    {"chapter": 6, "Bored": 0.0410735902, "Happy": 0.2473472136, "Angry": 0.1116709162, "Fear": 0.1263645445, "Sad": 0.2482048771, "Excited": 0.2253388584},
    {"chapter": 7, "Sad": 0.355712003, "Angry": 0.1690843607, "Happy": 0.1013950191, "Excited": 0.1082543377, "Fear": 0.2039679792, "Bored": 0.0615863001},
    {"chapter": 8, "Bored": 0.0980019342, "Happy": 0.1952250511, "Angry": 0.1396778296, "Fear": 0.2045789947, "Sad": 0.1671955361, "Excited": 0.1953206543},
    {"chapter": 9, "Sad": 0.0839596126, "Angry": 0.0555145466, "Happy": 0.3378461502, "Excited": 0.3161736644, "Bored": 0.0460584207, "Fear": 0.1604476056},
    {"chapter": 10, "Angry": 0.2397440164, "Bored": 0.1583189612, "Happy": 0.0629829804, "Fear": 0.2030093497, "Sad": 0.259917039, "Excited": 0.0760276534},
    {"chapter": 11, "Sad": 0.3439172665, "Angry": 0.0868391405, "Happy": 0.1764773178, "Excited": 0.1297517336, "Fear": 0.2252390992, "Bored": 0.0377754424},
    {"chapter": 12, "Sad": 0.1834158026, "Excited": 0.1698873181, "Bored": 0.0791696183, "Angry": 0.1635130639, "Fear": 0.2698799227, "Happy": 0.1341342744},
    {"chapter": 13, "Sad": 0.2220860196, "Angry": 0.0874329093, "Happy": 0.3494268634, "Excited": 0.1412975578, "Bored": 0.0408425562, "Fear": 0.1589140937},
    {"chapter": 14, "Sad": 0.2178598335, "Angry": 0.2331840155, "Happy": 0.1080216257, "Excited": 0.1268407483, "Bored": 0.1300615832, "Fear": 0.1840321939},
    {"chapter": 15, "Angry": 0.0967610888, "Bored": 0.0380069706, "Happy": 0.3091505125, "Fear": 0.0866445914, "Sad": 0.2024092652, "Excited": 0.2670275714},
    {"chapter": 16, "Fear": 0.1228475389, "Angry": 0.1245226985, "Bored": 0.0, "Excited": 0.1304773636, "Happy": 0.2652323028, "Sad": 0.3569200962},
    {"chapter": 17, "Angry": 0.0922595785, "Bored": 0.0346410222, "Happy": 0.1471076909, "Fear": 0.1311826124, "Sad": 0.5089649227, "Excited": 0.0858441732},
    {"chapter": 18, "Fear": 0.2451396616, "Angry": 0.1597374787, "Bored": 0.0603750918, "Excited": 0.1943455729, "Happy": 0.1583572103, "Sad": 0.1820449847},
    {"chapter": 19, "Bored": 0.03027232, "Happy": 0.3384184756, "Angry": 0.0938955364, "Fear": 0.1268652433, "Sad": 0.0922427519, "Excited": 0.3183056728},
    {"chapter": 20, "Angry": 0.1149824214, "Bored": 0.0630040223, "Happy": 0.2511244866, "Fear": 0.1389548959, "Sad": 0.2236956199, "Excited": 0.2082385538},
    {"chapter": 21, "Bored": 0.0804597224, "Happy": 0.0942185156, "Angry": 0.1553658107, "Fear": 0.2820503681, "Sad": 0.2626722453, "Excited": 0.1252333379},
    {"chapter": 22, "Sad": 0.3851792671, "Angry": 0.0617481945, "Happy": 0.2527207194, "Excited": 0.1431842249, "Bored": 0.0, "Fear": 0.1571675941},
    {"chapter": 23, "Sad": 0.2469575262, "Angry": 0.18640243, "Happy": 0.1279925369, "Excited": 0.1113199904, "Fear": 0.1588191251, "Bored": 0.1685083915},
    {"chapter": 24, "Angry": 0.1700438166, "Bored": 0.0886484603, "Happy": 0.1962939729, "Fear": 0.1499887236, "Sad": 0.2495051976, "Excited": 0.145519829},
    {"chapter": 25, "Sad": 0.1609796132, "Excited": 0.257505237, "Bored": 0.0367764507, "Angry": 0.0793057702, "Fear": 0.1272478044, "Happy": 0.3381851245},
    {"chapter": 26, "Sad": 0.1723895251, "Excited": 0.1040371258, "Bored": 0.0695659437, "Angry": 0.3537830757, "Fear": 0.1995021649, "Happy": 0.1007221648},
    {"chapter": 27, "Bored": 0.0361047783, "Happy": 0.2567474679, "Angry": 0.1224733418, "Fear": 0.1406819792, "Sad": 0.1504886041, "Excited": 0.2935038288},
    {"chapter": 28, "Fear": 0.0831654447, "Angry": 0.0686437715, "Bored": 0.0271010474, "Excited": 0.3432884101, "Happy": 0.415001165, "Sad": 0.0628001612},
    {"chapter": 29, "Excited": 0.4227065599, "Happy": 0.2827353483, "Sad": 0.0649458352, "Fear": 0.0889629976, "Bored": 0.0166334799, "Angry": 0.1240157791},
    {"chapter": 30, "Sad": 0.1905813894, "Excited": 0.1723919098, "Bored": 0.0728075738, "Angry": 0.0834811448, "Fear": 0.141845312, "Happy": 0.3388926702},
    {"chapter": 31, "Angry": 0.111620394, "Bored": 0.0259244924, "Happy": 0.2742260812, "Fear": 0.099987078, "Sad": 0.0657140415, "Excited": 0.4225279129},
    {"chapter": 32, "Excited": 0.1663602626, "Happy": 0.1908021887, "Sad": 0.2871237978, "Fear": 0.2241802038, "Bored": 0.0451799192, "Angry": 0.086353628},
    {"chapter": 33, "Angry": 0.0766048672, "Bored": 0.0241636139, "Happy": 0.3519836224, "Fear": 0.1417451884, "Sad": 0.2013253198, "Excited": 0.2041773882},
    {"chapter": 34, "Sad": 0.3255630613, "Angry": 0.1430182589, "Happy": 0.2099298331, "Excited": 0.1754218541, "Bored": 0.0395049849, "Fear": 0.1065620077},
    {"chapter": 35, "Sad": 0.3517820836, "Excited": 0.1037032762, "Bored": 0.0669229321, "Angry": 0.1030868192, "Fear": 0.2362393122, "Happy": 0.1382655768},
    {"chapter": 36, "Excited": 0.1560699144, "Happy": 0.1717528997, "Sad": 0.282534143, "Fear": 0.1599931582, "Bored": 0.0609443797, "Angry": 0.168705505},
    {"chapter": 37, "Bored": 0.0588075569, "Happy": 0.2229747479, "Angry": 0.1376347655, "Fear": 0.1551282194, "Sad": 0.2147359049, "Excited": 0.2107188053},
    {"chapter": 38, "Sad": 0.2469762877, "Angry": 0.1232331853, "Happy": 0.211519307, "Excited": 0.1845315402, "Fear": 0.1807202222, "Bored": 0.0530194575},
    {"chapter": 39, "Sad": 0.0393548883, "Fear": 0.1119463167, "Happy": 0.2311464263, "Bored": 0.0242066294, "Angry": 0.1436874751, "Excited": 0.4496582642},
    {"chapter": 40, "Fear": 0.1185964075, "Angry": 0.2426678849, "Bored": 0.0429180845, "Excited": 0.2285079351, "Happy": 0.1612479412, "Sad": 0.2060617469},
    {"chapter": 41, "Sad": 0.6067206753, "Fear": 0.1166728479, "Happy": 0.1017857444, "Bored": 0.0353534792, "Angry": 0.0516481208, "Excited": 0.0878191325},
    {"chapter": 42, "Sad": 0.1831814134, "Excited": 0.1415221974, "Bored": 0.0785229984, "Angry": 0.2351125348, "Fear": 0.1365531885, "Happy": 0.2251076676},
    {"chapter": 43, "Bored": 0.3678714776, "Happy": 0.1584350796, "Angry": 0.1064468524, "Fear": 0.1235840431, "Sad": 0.1071793942, "Excited": 0.136483153},
    {"chapter": 44, "Angry": 0.0893445671, "Bored": 0.0451389121, "Happy": 0.209151801, "Fear": 0.2512755109, "Sad": 0.1583334587, "Excited": 0.2467557502},
    {"chapter": 45, "Excited": 0.154169872, "Happy": 0.2135242535, "Sad": 0.2915447977, "Fear": 0.1624269854, "Bored": 0.0335147903, "Angry": 0.1448193011},
    {"chapter": 46, "Angry": 0.2254275798, "Bored": 0.1348202569, "Happy": 0.0538393638, "Fear": 0.2495195855, "Sad": 0.2641470794, "Excited": 0.0722461346},
    {"chapter": 47, "Sad": 0.5150041827, "Fear": 0.1182733415, "Happy": 0.0407427639, "Bored": 0.041643379, "Angry": 0.2548258107, "Excited": 0.0295105223},
    {"chapter": 48, "Sad": 0.4162222938, "Fear": 0.1496442846, "Happy": 0.1944008109, "Bored": 0.0351152102, "Angry": 0.0861664844, "Excited": 0.1184509161},
    {"chapter": 49, "Angry": 0.1192801199, "Bored": 0.072959236, "Happy": 0.0750778725, "Fear": 0.1832173283, "Sad": 0.4514122988, "Excited": 0.0980531446},
    {"chapter": 50, "Sad": 0.1530356349, "Angry": 0.0885563261, "Happy": 0.2366657775, "Excited": 0.2675887721, "Fear": 0.2541534894, "Bored": 0.0},
    {"chapter": 51, "Sad": 0.3282511223, "Fear": 0.2098518501, "Happy": 0.1048512397, "Bored": 0.1170272106, "Angry": 0.1270669335, "Excited": 0.1129516438},
    {"chapter": 52, "Excited": 0.123567658, "Happy": 0.216548543, "Sad": 0.3571214483, "Fear": 0.1867522443, "Bored": 0.0417572026, "Angry": 0.0742529038},
    {"chapter": 53, "Sad": 0.2674348964, "Angry": 0.0744382419, "Happy": 0.3089213186, "Excited": 0.1839025802, "Fear": 0.1069328845, "Bored": 0.0583700782},
    {"chapter": 54, "Sad": 0.114808135, "Excited": 0.2181471928, "Bored": 0.041231183, "Angry": 0.1307548588, "Fear": 0.1466025562, "Happy": 0.3484560742},
    {"chapter": 55, "Sad": 0.2833270731, "Fear": 0.1362129524, "Happy": 0.2123773336, "Bored": 0.0513984476, "Angry": 0.1128919665, "Excited": 0.2037922267},
    {"chapter": 56, "Excited": 0.128568097, "Happy": 0.1530779252, "Sad": 0.3132548588, "Fear": 0.1563290903, "Bored": 0.1052000601, "Angry": 0.1435699685},
    {"chapter": 57, "Sad": 0.1250280522, "Excited": 0.2454081299, "Bored": 0.0874328583, "Angry": 0.0742034855, "Fear": 0.1361381502, "Happy": 0.3317893239},
    {"chapter": 58, "Sad": 0.0615395989, "Fear": 0.0626885081, "Happy": 0.3083373558, "Bored": 0.0399860643, "Angry": 0.0897143087, "Excited": 0.4377341642},
    {"chapter": 59, "Angry": 0.1343198043, "Bored": 0.0628580878, "Happy": 0.2306453454, "Fear": 0.1629232559, "Sad": 0.2656748707, "Excited": 0.1435786358},
    {"chapter": 60, "Excited": 0.1541882697, "Happy": 0.2921399736, "Sad": 0.183985168, "Fear": 0.2226813534, "Bored": 0.0636157727, "Angry": 0.0833894626},
    {"chapter": 61, "Sad": 0.2361800891, "Angry": 0.0903474922, "Happy": 0.3157322426, "Excited": 0.1957430124, "Fear": 0.1209397947, "Bored": 0.041057369}
    ]