let frankensteinPD = [
{'Angry': 0.1156139077, 'Bored': 0.0144902018, 'Sad': 0.0683239623, 'Fear': 0.076907768, 'Excited': 0.6500225962, 'Happy': 0.0746415641},
{'Fear': 0.1840101476, 'Sad': 0.2023201707, 'Angry': 0.1907587675, 'Happy': 0.146419004, 'Bored': 0.1007827743, 'Excited': 0.1757091359},
{'Fear': 0.1519199784, 'Angry': 0.1211769524, 'Bored': 0.0, 'Excited': 0.229767087, 'Happy': 0.4118456575, 'Sad': 0.0852903247},
{'Excited': 0.0306752963, 'Happy': 0.0292431752, 'Sad': 0.4338232438, 'Fear': 0.237007713, 'Bored': 0.0156917453, 'Angry': 0.2535588265},
{'Excited': 0.2674524066, 'Sad': 0.2410098521, 'Bored': 0.0, 'Happy': 0.2290697582, 'Angry': 0.1129934503, 'Fear': 0.1494745327},
{'Angry': 0.098237079, 'Bored': 0.0656116034, 'Sad': 0.4034289443, 'Fear': 0.1839846045, 'Excited': 0.1011573928, 'Happy': 0.147580376},
{'Fear': 0.246933988, 'Sad': 0.214107491, 'Angry': 0.1162590816, 'Happy': 0.1684375892, 'Bored': 0.0335916935, 'Excited': 0.2206701566},
{'Sad': 0.1859007106, 'Angry': 0.0917683048, 'Happy': 0.1780968881, 'Excited': 0.2046686627, 'Bored': 0.0523840723, 'Fear': 0.2871813615},
{'Fear': 0.2429761875, 'Sad': 0.1971628749, 'Angry': 0.0928575369, 'Happy': 0.1238876288, 'Bored': 0.0323915826, 'Excited': 0.3107241894},
{'Sad': 0.2610395892, 'Excited': 0.0747405857, 'Bored': 0.0, 'Angry': 0.1542315824, 'Fear': 0.3722424678, 'Happy': 0.1377457749},
{'Excited': 0.1339716872, 'Sad': 0.2640034518, 'Happy': 0.2243260565, 'Fear': 0.2570128508, 'Angry': 0.1206859538, 'Bored': 0.0},
{'Excited': 0.1088060694, 'Sad': 0.4750918629, 'Bored': 0.0421708092, 'Happy': 0.2455690431, 'Angry': 0.0507105575, 'Fear': 0.077651658},
{'Angry': 0.1541597013, 'Bored': 0.0862037423, 'Sad': 0.3462936647, 'Fear': 0.2786599359, 'Excited': 0.0904392903, 'Happy': 0.0442436655},
{'Fear': 0.0859508551, 'Sad': 0.065004766, 'Angry': 0.0838140622, 'Happy': 0.3978984177, 'Bored': 0.0206751891, 'Excited': 0.3466567099},
{'Angry': 0.1266387706, 'Bored': 0.0, 'Happy': 0.227214691, 'Fear': 0.1956014821, 'Sad': 0.2651537296, 'Excited': 0.1853913267},
{'Sad': 0.1963211315, 'Fear': 0.2091119362, 'Happy': 0.0528901235, 'Bored': 0.3478623682, 'Angry': 0.1149656622, 'Excited': 0.0788487785},
{'Excited': 0.2847778445, 'Sad': 0.1702172133, 'Happy': 0.2564370602, 'Fear': 0.1744946823, 'Angry': 0.0765712163, 'Bored': 0.0375019834},
{'Excited': 0.2264906935, 'Sad': 0.1752863627, 'Bored': 0.0607505323, 'Happy': 0.3511051602, 'Angry': 0.061058721, 'Fear': 0.1253085304},
{'Angry': 0.0483287599, 'Bored': 0.0205594377, 'Sad': 0.1150527417, 'Fear': 0.1094325815, 'Excited': 0.2608931365, 'Happy': 0.4457333427},
{'Excited': 0.0458613095, 'Sad': 0.4810697716, 'Bored': 0.0240414769, 'Happy': 0.0683705009, 'Angry': 0.2072265536, 'Fear': 0.1734303876},
{'Fear': 0.2022807501, 'Sad': 0.489661985, 'Angry': 0.1276021973, 'Happy': 0.0596865426, 'Bored': 0.0644303894, 'Excited': 0.0563381356},
{'Sad': 0.4196577719, 'Angry': 0.1103974128, 'Happy': 0.0320886488, 'Excited': 0.0444365131, 'Fear': 0.2057043545, 'Bored': 0.1877152989},
{'Fear': 0.0491353397, 'Angry': 0.2466821781, 'Bored': 0.0685504479, 'Excited': 0.3717228322, 'Happy': 0.2153531496, 'Sad': 0.0485560524},
{'Bored': 0.0493147621, 'Happy': 0.3196523324, 'Angry': 0.0510854312, 'Fear': 0.0825827656, 'Sad': 0.0995422088, 'Excited': 0.3978224999},
{'Excited': 0.2239183791, 'Sad': 0.1912167863, 'Bored': 0.0637188981, 'Happy': 0.2382302098, 'Angry': 0.111701143, 'Fear': 0.1712145837},
{'Angry': 0.0484816308, 'Bored': 0.0, 'Sad': 0.1727969742, 'Fear': 0.0644546239, 'Excited': 0.3602225645, 'Happy': 0.3540442066},
{'Fear': 0.1589086247, 'Sad': 0.2058898136, 'Angry': 0.0822219155, 'Happy': 0.2141773017, 'Bored': 0.1128644376, 'Excited': 0.2259379069},
{'Sad': 0.2759159668, 'Angry': 0.2186429659, 'Happy': 0.0828893227, 'Excited': 0.2368003035, 'Bored': 0.0275083006, 'Fear': 0.1582431405}
]
